changes,insertions,deletions
0,0,0
56,76,24
66,1507,634
105,1521,353
4,15,3
3,6,9
51,977,63
18,3269,102
9,65,7
3,6,2
22,475,2895
15,78,2
9,55,20
16,153,70
9,55,2
48,913,181
5,42,2
24,157,68
20,112,17
345,980,135
22,678,575
22,106,9
60,749,265
12,270,218
13,149,12
61,841,885
5,28,9
13,210,36
26,311,158
4,32,26
16,157,24
12,78,28
17,126,8
17,76,32
6,31,3
24,104,56
11,23,6
35,239,63
40,416,87
8,42,9
5,46,2
20,312,29
24,243,89
7,94,10
11,159,26
73,258,120
10,202,25
21,339,31
3,19,4
7,20,11
598,845,105
7,51,3
7,79,25
12,31,577
12,145,41
40,718,228
11,120,15
54,556,210
29,358,257
18,153,27
23,276,12
6,22,4
10,101,1
22,334,179
421,1955,1577
34,446,35
5,23,2
30,352,49
12,190,137
49,1238,378
34,518,86
37,237,104
5,15,5
21,524,146
11,63,7
13,71,14
61,4339,161
3,6,2
102,3625,533
9,70,27
3,18,6
176,5989,1023
77,962,2428
6,35,6
142,5555,3959
37,1756,164
15,272,40
12,125,17
129,1572,425
6,46,3
5,74,3
5,65,3
5,73,3
270,2677,1169
48,698,484
13,67,1456
39,701,76
8,50,4
5,9,4
85,667,365
80,1773,1729
14,33,10
19,409,83
30,213,345
11,90,9
64,966,592
44,792,695
14,343,35
32,84,27
68,610,150
46,137,79
65,492,221
19,1398,3
45,1582,129
110,2386,1643
38,1271,984
14,70,16
10,388,5
63,225,54
74,1574,1179
69,1336,1189
5,55,6
11,64,13
14,156,34
10,39,25
58,115,70
15,706,379
38,839,75
47,903,802
88,1141,305
72,825,113
15,178,70
29,1096,145
5,50,4
7,126,3
37,574,94
5,53,9
86,4737,4297
6,215,3
7,29,4
20,150,16
81,691,378
35,72,31
8,36,16
16,125,44
19,160,19
48,1199,18
9,56,1
15,98,19
9,28,9
38,657,18
20,45,39
56,240,133
16,237,127
40,311,33
86,1279,177
17,458,35
83,452,376
12,51,28
39,233,178
71,153,100
9,62,4
114,538,576
8,66,22
8,43,7
12,87,70
13,501,10
159,1397,515
5,88,101
43,1183,136
56,251,480
5,23,2
16,109,11
13,67,6
50,853,387
6,43,4
31,291,52
19,269,12
274,14623,213
200,825,402
106,1432,2784
9,15,8
6,29,5
2,5,1
1246,3499,19150
16,128,17
47,1065,517
167,2957,3297
32,261,69
151,4099,669
9,59,19
12,326,35
8,114,69
6,49,10
121,1448,1292
8,30,9
145,1244,97
9,476,13
24,1096,118
12,88,16
10,159,51
13,68,24
17,190,50
37,352,374
9,53,3
17,116,44
60,82,63
8,18,11
24,270,61
5,49,23
10,50,5
63,359,160
9,115,28
6,43,5
4,25,9
12,315,3
12,5156,3872
3,6,2
48,2980,1062
94,444,308
21,1446,3
8,48,24
11,111,6
80,1157,509
30,571,21
15,148,5
3,6,2
81,699,46
7,32,3
6,249,1
111,2741,2864
201,6858,16667
13,110,33
6,27,3
11,98,18
110,1257,397
9,24,4
6,37,2
3,5,2
4,6,3
16,86,17
9,31,6
4034,58869,33186
247,5397,3028
401,4767,5740
12,85,12
106,1651,2414
58,1642,1929
22,90,159
32,515,109
38,850,296
17,93,44
23,142,33
185,1043,652
58,463,924
264,2598,713
5,10,6
81,895,817
9,59,14
28,174,28
136,794,241
4,8,4
26,344,137
46,267,90
27,351,133
24,1528,2246
13,28,12
14,93,12
45,595,465
7,55,29
129,885,1695
52,748,209
51,474,279
10,57,8
34,124,80
14,277,196
57,848,327
26,398,53
39,517,224
54,874,534
40,594,364
29,535,187
33,716,246
13,41,30
454,9292,5266
25,376,44
14,61,27
50,847,398
158,1717,1279
24,329,124
15,370,61
10,164,37
64,236,173
70,538,146
38,501,126
33,498,73
137,645,824
13,50,25
40,242,65
21,113,30
12,64,8
10,46,11
88,946,160
41,617,97
11,43,11
74,1035,184
155,1532,358
7,28,3
68,620,246
67,489,91
5,11,6
5,8,3
55,792,971
73,903,341
51,1845,564
34,1307,122
86,1112,315
100,961,117
339,1784,1148
31,236,70
25,211,20
127,2521,94
30,461,4
43,248,100
658,1592,1394
3,6,2
3,6,2
3,12,8
85,1230,271
3,8,3
4,10,3
73,1335,108
13,162,5
8,173,32
107,3378,2357
24,520,106
39,892,432
35,460,83
20,332,47
6,15,4
29,236,63
11,4924,24
114,1326,5061
31,368,77
14,116,16
204,2613,1677
9,30,3
15,146,49
127,1342,343
303,3779,2036
38,408,106
8,61,17
20,225,20
50,734,43
34,728,88
26,6067,53
6,49,3
34,459,82
5,9,3
16,217,9
16,155,23
10,41,6
17,90,12
30,6000,1375
225,741,1147
20,124,24
81,3276,7484
29,838,670
55,1080,525
339,1458,9876
119,1820,112
17,512,120
11,99,15
26,184,35
44,579,766
35,339,224
3,8,4
126,1704,61
147,1643,278
36,1473,1811
137,3415,758
18,1044,114
152,2585,405
92,1155,250
48,1458,378
7,107,33
43,555,192
6,1599,8
98,558,4030
385,9452,4908
112,2288,283
80,1800,318
71,1224,160
8,26,13
9,110,4
8060,122513,106770
5982,12182,25640
4887,4354,5695
1246,23257,8510
98,1154,1123
26,791,190
9,25,12
19,95,27
47,428,320
86,2248,2174
9,75,6
12,64,14
17,1463,638
186,2443,1226
35,775,606
48,342,160
15,51,15
6,199,10
7,196,5
8,82,5
10,50,18
69,4013,2281
20,286,157
8,176,151
9,31,10
14,250,13
6,23,3
8,23,3
7,174,4
7,34,4
10,513,83
36,5389,4195
9780,172648,110944
3899,41471,103774
63,812,674
81,1666,330
10,17,63
40,534,58
8,64,3
15,269,217
13,638,502
46,1649,264
61,632,237
42,648,200
10,72,21
13,80,18
65,708,139
23,173,103
59,760,92
10,121,7
363,2975,2484
175,1316,429
61,955,474
109,1005,464
20,213,40
32,267,36
31,334,55
15,202,23
14,151,6
63,813,117
52,3705,98
36,514,87
34,403,106
43,753,74
17,196,90
20,174,9
23,143,57
59,536,284
28,289,70
16,292,95
100,2255,2146
27,187,98
12,162,26
35,371,52
79,1839,1300
24,233,160
25,187,108
20,224,44
30,355,54
9,45,43
6,21,5
46,673,270
8,34,2
46,519,254
79,515,363
22,146,23
24,103,38
139,2657,2751
26,430,166
63,1184,500
25,266,195
15,81,13
19,117,46
57,1144,677
65,611,325
19,133,40
9,62,3
43,1139,947
36,573,128
14,224,3
7,22,4
64,1012,277
38,504,118
20,325,125
39,671,513
106,1035,441
19,118,37
20,397,101
78,4033,3612
18,139,26
14,155,30
20,634,396
9,72,8
43,611,155
140,2691,2846
211,2166,1187
35,288,660
47,543,633
119,1090,1077
6,36,16
81,663,531
16,106,34
31,247,157
49,439,162
5,15,3
16,95,13
15,125,103
26,598,225
99,1226,174
47,564,444
23,378,298
6,15,3
6,19,4
22,177,92
9,163,45
44,704,215
14,92,4
36,425,215
51,726,200
33,462,81
176,1897,1231
34,344,177
9,106,23
240,1191,1085
8,38,5
16,68,62
446,5853,3119
78,653,335
479,4955,3192
25,174,32
26,274,20
7,71,46
27,311,45
45,374,260
26,329,82
59,756,119
20,209,16
44,564,112
8,40,4
6,16,2
6,22,10
11,87,79
39,375,70
39,508,175
69,763,162
50,409,316
64,426,239
86,850,346
38,436,92
282,1992,1419
16,106,40
39,468,318
55,395,179
11,286,89
31,6230,4955
74,828,383
26,226,147
20,258,50
48,445,114
39,583,433
75,595,363
37,573,757
21,191,39
51,424,155
28,353,107
14,109,39
42,494,214
19,631,21
74,1873,453
16,100,37
21,257,623
39,518,2167
92,1424,1024
17,135,18
32,252,77
78,1051,971
30,212,237
12,159,94
17,237,233
42,877,151
15,150,5
70,1096,389
43,466,41
7,58,22
67,690,486
132,3830,4306
22,538,187
55,545,86
24,301,209
47,518,226
32,487,133
69,301,250
13,197,25
24,241,36
26,246,7
42,455,139
25,663,104
22,326,19
23,170,61
35,225,57
11,56,35
44,332,249
7,22,5
19,228,147
137,3702,2868
41,253,319
47,665,359
80,559,265
80,3062,2702
46,548,165
10,157,168
114,5703,5280
24,108,77
30,181,35
61,671,412
31,258,34
15,83,47
30,172,80
49,944,856
11,89,8
19,66,22
29,149,89
65,239,259
35,514,106
17,212,21
15,117,64
71,527,296
73,408,396
28,197,127
35,122,83
15,66,5
38,413,404
13,159,86
50,709,179
18,86,8
14,21,113
107,419,578
20,82,101
17,77,9
11,50,13
9,53,3
43,310,94
38,204,107
73,1334,1767
37,383,262
36,368,221
22,66,43
159,1500,1793
46,408,298
98,938,227
46,382,73
70,697,162
56,641,483
18,166,37
38,264,81
7,28,12
25,263,78
13,65,30
6,51,13
11,100,4
24,176,37
6,15,3
25,456,458
22,741,265
40,325,76
79,1110,317
53,1270,126
50,477,94
76,3207,261
40,1011,117
26,268,43
16,151,31
36,380,21
69,832,88
7,88,52
15,77,10
1035,188,6125
6,33,3
5,28,7
13,57,19
91,2407,925
389,2545,10172
24,203,87
33,308,20
23,140,14
35,305,95
64,467,117
12,89,13
24,493,37
6,28,2
11,85,18
79,1022,165
24,201,175
31,205,84
61,746,59
17,108,15
10,94,46
8,66,17
35,584,155
25,316,229
29,283,28
6,49,5
7,22,5
37,308,70
23,165,56
22,100,263
7,71,27
33,309,255
22,241,164
729,339,20038
52,520,238
12,157,87
81,1204,53
11,92,10
11,79,15
13,101,41
35,316,39
41,544,137
20,410,45
35,243,100
15,512,44
8,84,6
5,68,23
18,473,105
11,102,40
9,606,41
7,38,5
32,514,225
7,30,8
45,968,396
25,211,40
13,368,29
15,40,176
99,37,10443
23,677,25
59,421,309
33,3030,55
34,599,75
4,11,4
18,908,108
14,132,42
6,24,7
26,152,43
11,208,8
3,12,2